((("targetRows" .
   [1 0 0 0 0 0 0 0 0 0])
  ("tmp" .
   [4 0 0])
  ("targetRow" .
   [1 0 0 0 0 0 0 0 0])
  ("sourceRow" .
   [4 0 0 0 0 0 0 0 0])
  ("target" .
   [1 0 0 0 0 0])
  ("source" .
   [1 0 0 0 0 0])
  ("RowPtr" .
   [2 0 0 0 0 0])
  ("dest" .
   [1 0 0 0])
  ("canBeNextTo" .
   [0 0 0 1 0 0 0 0 0 0 0])
  ("return" .
   [1 0 0 0 0 0])
  ("allowedRows" .
   [2 0 0 0 0 0 0 0 0 0 0])
  ("begin" .
   [3 0 0 0 0])
  ("copy_if" .
   [1 0 0 0 0 0 0])
  ("forward" .
   [1 0 0 0 0 0 0])
  ("move" .
   [3 0 0 0])
  ("vec" .
   [2 0 0])
  ("operator" .
   [1 0 0 0 0 0 0 0])
  ("delete" .
   [3 0 0 0 0 0])
  ("const" .
   [3 0 0 0 0])
  ("Row" .
   [5 0 0])
  ("VecInt" .
   [5 0 0 0 0 0])
  ("myRows" .
   [5 0 0 0 0 0])
  ("pop_back" .
   [1 0 0 0 0 0 0 0])
  ("back" .
   [1 0 0 0])
  ("end" .
   [4 0 0])
  ("empty" .
   [1 0 0 0 0])
  ("true" .
   [1 0 0 0])
  ("sizes" .
   [1 0 0 0 0])
  ("push_back" .
   [1 0 0 0 0 0 0 0 0])
  ("path" .
   [2 0 0 0])
  ("size" .
   [2 0 0 0])
  ("currentLength" .
   [4 0 0 0 0 1 0 0 0 0 0 0 0])
  ("currentSizes" .
   [5 0 0 1 0 0 0 0 0 0 0 0])
  ("pp" .
   [7 0])
  ("cout" .
   [4 0 0 0])
  ("populateRows2" .
   [1 0 0 0 0 0 0 0 0 0 0 0 0])
  ("DequeRow" .
   [1 0 0 0 0 0 0 0])
  ("add-to-list" .
   [1 0 0 0 0 0 0 0 0 0 0])
  ("w+" .
   [1 0])
  ("d+" .
   [1 0])
  (".*" .
   [1 0])
  ("compilation-error" .
   [0 0 0 0 0 0 0 0 0 0 0 0 0 0 0 1 0])
  ("c" .
   [1])
  ("compilation-error-regexp-alist" .
   [1 0 0 0 0 0 0 0 0 0 0 0 0 0 0 0 0 1 0 0 1 0 0 0 0 0 0 0 0 0])
  ("IntFunc" .
   [1 0 0 0 0 0 0])
  ("std" .
   [2 0 0])
  ("endl" .
   [8 0 0 0])
  ("myFuncs" .
   [1 0 0 0 0 0 0])
  ("auto" .
   [4 0 0 0])
  ("for" .
   [5 0 0])
  ("int" .
   [5 0 0])
  ("-cut" .
   [1 0 0 0])
  ("dash-functional" .
   [0 0 0 0 0 0 0 0 1 0 0 0 0 0 0])
  ("dash" .
   [0 0 1 0])
  ("number-sequence" .
   [0 0 0 1 1 0 0 0 0 0 0 0 0 0 0])
  ("do*" .
   [0 0 1])
  ("20" .
   [5 0])
  ("insert" .
   [1 0 0 0 0 0])
  ("lambda" .
   [2 0 0 0 0 0])
  ("-dotimes" .
   [0 0 0 1 0 0 0 0])
  ("100" .
   [3 0 0])
  ("-map" .
   [1 0 1 0])
  ("mapcar" .
   [2 0 0 0 0 0])
  ("1-" .
   [1 0])
  ("square" .
   [2 0 0 3 1 0])
  ("cube" .
   [1 0 0 0])
  ("defun" .
   [3 0 0 0 0])
  (":foo" .
   [6 0 0 0])
  (":" .
   [1])
  ("nintersection" .
   [0 0 0 1 0 0 0 0 0 0 0 0 0])
  ("reduce" .
   [1 0 0 0 0 0])
  ("-union" .
   [1 0 0 1 0 0])
  ("nunion" .
   [1 0 0 1 0 0])
  ("10" .
   [10 0])
  ("number-to-string" .
   [0 0 0 0 0 0 0 0 0 1 0 0 0 0 0 0])
  ("*" .
   [1])
  ("list" .
   [9 0 0 0])
  ("python-mode" .
   [1 0 0 0 0 0 0 0 0 0 0])
  ("deeper-blue" .
   [0 0 0 0 1 0 0 0 1 0 0])
  ("load-theme" .
   [1 0 0 0 0 0 0 1 0 0])
  ("color-theme-initialized" .
   [0 0 0 0 0 0 0 0 0 0 0 0 0 0 0 1 0 0 0 0 0 0 0])
  ("color-theme" .
   [0 0 0 0 0 1 0 0 0 0 0])
  ("collapse-delayed-warnings" .
   [0 0 0 0 0 1 0 0 0 0 0 0 0 0 0 0 0 0 0 0 0 0 0 0 0])
  ("require" .
   [4 0 0 0 0 0 0])
  ("color-theme-select" .
   [0 0 0 0 0 0 0 0 0 0 0 0 0 1 1 0 0 0])
  ("color-gray-p" .
   [0 0 0 0 0 0 0 0 1 0 1 0])
  ("color-theme-deep-blue" .
   [0 0 0 0 0 0 0 0 0 0 0 0 0 0 0 0 1 0 0 0 0])
  ("setq" .
   [6 0 0 0])
  ("nconc" .
   [1 0 0 0 0])
  ("load-path" .
   [9 0 0 0 0 0 1 0 0])
  ("cons" .
   [4 0 1 1])
  ("load" .
   [2 0 0 0])
  ("color-theme-hober" .
   [0 0 0 0 0 0 0 0 0 0 0 0 0 0 1 0 0])
  ("include" .
   [1 0 0 0 0 0 0])
  ("boost" .
   [3 0 0 0 0])
  ("algorithm" .
   [4 0 0 0 0 0 0 0 0])
  ("string" .
   [7 0 0 0 0 0])
  ("hpp" .
   [1 0 0])
  ("split" .
   [4 0 0 0 0])
  ("vector" .
   [2 0 0 0 0 0])
  ("line" .
   [1 0 0 0])
  ("dump" .
   [2 0 0 0])
  ("char" .
   [1 0 0 0])
  ("ps" .
   [2 0])
  ("pids" .
   [2 0 0 2])
  ("lines" .
   [1 0 0 0 0])
  ("pid" .
   [1 0 0])
  ("cmd" .
   [2 0 0])
  ("range" .
   [1 0 0 0 0])
  ("90" .
   [1 0])
  ("1" .
   [2])
  ("150" .
   [1 0 0])
  ("40" .
   [2 0])
  ("ret" .
   [4 0 0])
  ("append" .
   [1 0 0 0 0 0])
  ("while" .
   [5 0 0 0 0])
  ("print" .
   [3 0 0 0 0])
  ("join" .
   [1 0 0 0])
  ("chunks" .
   [2 0 0 0 0 0])
  ("True" .
   [3 0 0 0])
  ("12" .
   [1 0])
  ("raw_input" .
   [1 0 0 0 0 0 0 0 0])
  ("letters" .
   [2 0 0 0 0 0 0])
  ("try" .
   [1 0 0])
  ("except" .
   [1 0 0 0 0 0])
  ("a" .
   [1])
  ("break" .
   [1 0 0 0 0])
  ("numLetters" .
   [1 0 0 0 0 0 0 0 0 0])
  ("18" .
   [1 0])
  ("60" .
   [1 0])
  ("16" .
   [1 0])
  ("25" .
   [1 0])
  ("15" .
   [1 0])
  ("add" .
   [1 0 0])))
